# Created by Octave 3.2.2, Sat Jun 26 14:16:13 2010 PDT <keith@keith-laptop>
# name: reduced
# type: matrix
# rows: 200
# columns: 6
 0.7946785303857181 -0.1848841625886402 0.1975995527613148 0.306533842104623 -0.3019664088432101 0.3318306617709313
 0.79648607419569 -0.1702852745521338 0.1975015692908134 0.3099142263685257 -0.2951920339723262 0.3382614733965247
 0.8011613204779353 -0.1794466049779089 0.1888363988473374 0.3071563950080693 -0.2902714442685552 0.3341821459177866
 0.8741371733106903 -0.1786910846408354 0.2089304671188517 0.1982131001745858 -0.2448399531101982 0.2471168199373567
 0.7144333001041683 -0.1635419531629478 0.1908117214413087 0.3815104985002183 -0.3318235838190647 0.4132466877956883
 0.8495161449557733 -0.1837869249889874 0.2010478257944409 0.2345791929419787 -0.2675502012334395 0.2784132709921315
 0.8046902899471621 -0.1883586779424347 0.1881803906316714 0.2895076257969246 -0.3022807494402624 0.3261814976566007
 0.6291627265428434 -0.1765941601670928 0.216619984816603 0.435877701819764 -0.3701085314154776 0.4461780500337377
 0.6882479857222028 -0.1836793244925921 0.2131915970856494 0.3937982058072175 -0.3504435659611216 0.4113857545112799
 0.7138553888538384 -0.1962744534044756 0.2023956376795661 0.3735332778154816 -0.3439095432589987 0.3913079925240483
 0.505809763546094 -0.1580256892109793 0.2103483609531986 0.5046413226129129 -0.399816839690134 0.5103151593935124
 0.7218497859284843 -0.1870930722786215 0.2037842305483877 0.3674457242674614 -0.3398463188703181 0.3897296184638838
 0.705899949426034 -0.1650735452316975 0.1947182020441066 0.3846309462061798 -0.3431364988521511 0.413348746500698
 0.5633176320899775 -0.1922480158527703 0.2278313666472039 0.4673365636065751 -0.3879318684024954 0.4742491074773125
 0.7558854317083289 -0.2001530100466845 0.2085513552654583 0.3347172983299182 -0.3221996870353535 0.3594913222740522
 0.5094838539638609 -0.1577952175332151 0.2191539882882264 0.5069808195782114 -0.3946422829302316 0.5047041890004091
 -0.03309149041058784 -0.1071122537602569 0.1953838145842363 0.645339767719996 -0.4246284839813896 0.5937038977016114
 -0.06011458502401371 -0.06688260959743617 0.2107277157615896 0.6459679935731197 -0.4153101284529405 0.5981217530689301
 0.8988947649130965 -0.1994410743489268 0.1972112958070373 0.1206588995737833 -0.2408846776105458 0.2018295477044706
 0.252471902721261 -0.1193682054171208 0.1996993079158998 0.5826743939835031 -0.4364199247765066 0.5934286445258088
 -0.3312741526081027 0.05605023819310495 0.3273411801792541 0.5741407224453061 -0.3244585111886013 0.5874118348470612
 -0.5270124385022953 0.05453275121503479 0.1307277651259729 0.572632051137754 -0.3280760156268555 0.5163845293133094
 0.7563744469188773 -0.2002515309467602 0.2225818117327153 0.289467316175508 -0.351028786504395 0.3622731309368993
 -0.5398267946368666 0.0500301855827068 0.08590634060762067 0.5732187473713746 -0.3090364607970993 0.5240427907395053
 -0.7678779881009582 0.2110352051581915 0.1999029112370894 0.400140587092411 -0.1347245740138992 0.384191571186713
 0.7752853160561959 -0.2030309355815994 0.2602474615648341 0.2273164386629018 -0.3598841845603116 0.329837819345417
 0.6661462645142123 -0.2036194492250396 0.2678564813621874 0.3268331055247469 -0.4081092827551377 0.4119078950754133
 0.002622716770562193 -0.09560012621736633 0.2203513766020506 0.5971976722592773 -0.4645305819587495 0.6081655093202117
 0.3197590254935126 -0.1590279398527934 0.2704597454693123 0.5103980092980378 -0.4759537397900311 0.558818141909131
 -0.7666645356713054 0.1094693142417012 0.03955300307434294 0.4602664669020147 -0.1910244015679683 0.3877395728866097
 0.3547450721893878 -0.1740001947005085 0.2777975178033749 0.4803239258590375 -0.4853727151220464 0.5480973077531303
 -0.7453236264693041 0.08092209781147244 0.03179005998323496 0.4818424546045493 -0.2012200174718222 0.4053048871010569
 -0.4310672808278958 -0.02147820641235099 0.1487105996082179 0.5873308249150481 -0.3783812271742656 0.5508856438861178
 -0.3844813055275265 -0.07017323166348595 0.1938461737053085 0.5806187313080432 -0.3960789302653991 0.5618512917593216
 -0.4693470526122835 0.003335074008124727 0.1315302407504461 0.5782624944948941 -0.363533709464147 0.5439280713453131
 -0.5787249110614677 0.02797766352062335 0.09866649338497994 0.5582524406325563 -0.3085160295850537 0.4977265542050207
 -0.6261035625796634 0.06700591929854091 0.09631723733120277 0.5360999711249959 -0.2823439617530612 0.4765566427175894
 -0.6400449213891768 0.05146738795083487 0.06850305962704691 0.5408049802066517 -0.2637199807490392 0.4700879519202585
 -0.6979609715435673 0.05864286622261788 0.04229667710373329 0.5215423847664153 -0.222667464048424 0.4313180136460135
 -0.101409470418939 -0.1319797929217407 0.2778859276612325 0.5210764952656762 -0.5131156178757744 0.600223719583909
 -0.6647614667332415 0.05790540583358576 0.05433515697631743 0.5381280186425733 -0.2444545581760372 0.4499411645727172
 0.03223189130633274 -0.1699285993135599 0.314043925301554 0.4733851152839488 -0.5481550649482637 0.5889773736727987
 -0.438180530922635 -0.01569588515420816 0.1744451195818148 0.5657135246861421 -0.3864473141246262 0.554929764165443
 -0.4483393611451156 0.01185725732560723 0.1478688442595784 0.559454799140819 -0.3801747139578792 0.5652110598523274
 -0.7015813838283004 0.1086788408443061 0.005746359788818151 0.5302718686637906 -0.1925809022689652 0.4215018293585038
 -0.447975699637069 -0.008824916110554411 0.1769406908645909 0.5376227547964226 -0.3933614840373706 0.5693508599341047
 -0.649251897532524 0.1073748501723388 0.03411234770452221 0.5491827338222963 -0.2265963453440172 0.4613365192385859
 0.1144546620736335 -0.2031976094705624 0.3662984316717098 0.3678892010699988 -0.5951746613638053 0.5673279289762339
 -0.6781410716214024 0.09011134687037003 0.02119017256985387 0.5473028857753651 -0.1955866950509402 0.4401829218323353
 -0.624138471189019 0.07445104084233792 0.05319160559314159 0.5529486609147644 -0.2607253770172898 0.4778586826306618
 0.2963285627706319 -0.2816256529942063 0.4534538450906901 0.1091328987446761 -0.6398519017479143 0.4538012109674329
 0.5294948660011373 -0.3142890220763264 0.450599329237986 -0.04480722825582278 -0.5630340790862172 0.3143290951448612
 -0.6728277891211601 0.1249053915947997 0.0153410265215663 0.4988878928966156 -0.2426464877860732 0.4729689361135719
 -0.7084898918440694 0.1351473229435936 0.01085728896609842 0.5012819400597816 -0.1958419050835896 0.4359148521390357
 -0.6998458876939976 0.1300049281552191 0.0007053767549296743 0.5069690012769695 -0.2107070360668854 0.4380627024444453
 -0.7046539248794909 0.1446440888547804 0.008048148245186713 0.5115886209154072 -0.1829155938418421 0.4327760731607984
 -0.7377333250609309 0.1399279114899138 -0.03222793512203848 0.5017843685822815 -0.1446274754382845 0.4030216143995415
 0.2292686032534953 -0.3168894167966504 0.5293236749785211 -0.2459552533077198 -0.655128614309294 0.2777516233529927
 -0.6628002132705976 0.07987888144279538 0.1052709989814022 0.4001117909446621 -0.3572753295544321 0.505468250239501
 -0.693794230882853 0.110404199544249 0.05611171155129589 0.4219730742324165 -0.3019056881934477 0.4838425713005549
 -0.6659603087612894 0.06712261795757864 0.1173519064904833 0.3830062620561983 -0.3729418124896267 0.5024346316475694
 -0.5201835703011761 0.0234541859848889 0.3143332548149201 0.3001182093530251 -0.4844455106696958 0.5525352177668654
 -0.6128627198745848 0.02807715407297773 0.192994560519231 0.3132278449006309 -0.4578235900249561 0.5278730313367453
 -0.5719207121624565 -0.01474392165142816 0.2450178276930542 0.2752540099807282 -0.5131709224462662 0.5230166481400755
 -0.6618911122642546 0.193600613884991 -0.08194812033844275 0.5085221415721277 -0.1837688247099277 0.4746974973365325
 -0.4512944754861231 -0.130914852044167 0.3996997382778954 0.05725926394980261 -0.6361795231187543 0.4598170377300762
